8.25
8.31
8.27
8.58
8.57
8.46
8.47
8.62
8.4
8.08
8.11
8.13
8.09
8.06
8.08
7.92
7.97
7.94
7.88
7.7
7.69
7.45
6.96
6.96
6.95
6.5
6.58
7
6.84
6.93
6.83
6.9
7.01
7
7.16
7.22
7.44
8.1
8.91
8.91
10.31
10.41
10.57
10.54
11.59
10.46
10.59
10.75
11
10.65
10.52
10.6
10.74
9.67
9.82
10.15
9.67
9.81
10.12
10.38
9.96
9.46
9.38
9.64
9.5
9.42
9.33
9.65
9.12
9.47
9.43
9.29
9.62
9.77
9.63
9.07
9.09
8.44
8.58
8.45
8.61
8.7
8.55
8.4
8.35
8.43
8.53
8.38
8.21
8.05
8.24
8.3
8.32
8.36
8.06
7.92
7.89
7.29
7.42
7.61
7.66
7.94
8.15
8.23
8.35
8.04
8.13
7.9
7.84
7.57
6.88
7.06
6.68
6.87
6.83
7.11
7.14
7.02
7.29
